11111111111111111111111111111111111111111
122222222222222222222222222222222222222222222222
33333333333333333333333333333333
11111111111111111111111111111111111111111
122222222222222222222222222222222222222222222222
33333333333333333333333333333333
11111111111111111111111111111111111111111
122222222222222222222222222222222222222222222222
33333333333333333333333333333333
11111111111111111111111111111111111111111
122222222222222222222222222222222222222222222222
33333333333333333333333333333333
11111111111111111111111111111111111111111
122222222222222222222222222222222222222222222222
33333333333333333333333333333333
11111111111111111111111111111111111111111
122222222222222222222222222222222222222222222222
33333333333333333333333333333333
11111111111111111111111111111111111111111
122222222222222222222222222222222222222222222222
33333333333333333333333333333333
11111111111111111111111111111111111111111
122222222222222222222222222222222222222222222222
